DV 0 0 0 0 0 0 10 -1 10 -1 10 -1 10 -1 10 -1 10 -1 10 -1 10 -1
DV 0 3 0 3 10 -1 10 -1 0 3 10 -1 10 -1 10 -1 10 -1 10 -1 10 -1
DV 0 0 0 0 0 0 1 1 1 3 10 -1 10 -1 10 -1 10 -1 10 -1 10 -1
DV 0 3 0 3 1 0 1 2 0 3 10 -1 10 -1 10 -1 10 -1 10 -1 10 -1
DV 0 0 0 0 0 0 1 1 1 3 10 -1 10 -1 10 -1 10 -1 10 -1 10 -1
DV 0 3 0 3 1 0 1 2 0 3 10 -1 10 -1 10 -1 10 -1 10 -1 10 -1
DV 0 0 0 0 0 0 1 1 1 3 10 -1 10 -1 10 -1 10 -1 10 -1 10 -1
DV 0 3 0 3 1 0 1 2 0 3 10 -1 10 -1 10 -1 10 -1 10 -1 10 -1
DV 0 0 0 0 0 0 1 1 1 3 10 -1 10 -1 10 -1 10 -1 10 -1 10 -1
DV 0 3 0 3 1 0 1 2 0 3 10 -1 10 -1 10 -1 10 -1 10 -1 10 -1
DV 0 0 0 0 0 0 1 1 1 3 10 -1 10 -1 10 -1 10 -1 10 -1 10 -1
DV 0 3 0 3 1 0 1 2 0 3 10 -1 10 -1 10 -1 10 -1 10 -1 10 -1
DV 0 0 0 0 0 0 1 1 1 3 10 -1 10 -1 10 -1 10 -1 10 -1 10 -1
DV 0 3 0 3 1 0 1 2 0 3 10 -1 10 -1 10 -1 10 -1 10 -1 10 -1
DV 0 0 0 0 0 0 1 1 1 3 10 -1 10 -1 10 -1 10 -1 10 -1 10 -1
DV 0 3 0 3 1 0 1 2 0 3 10 -1 10 -1 10 -1 10 -1 10 -1 10 -1
DV 0 0 0 0 0 0 1 1 1 3 10 -1 10 -1 10 -1 10 -1 10 -1 10 -1
DV 0 3 0 3 1 0 1 2 0 3 10 -1 10 -1 10 -1 10 -1 10 -1 10 -1
DV 0 0 0 0 0 0 1 1 1 3 10 -1 10 -1 10 -1 10 -1 10 -1 10 -1
DV 0 3 0 3 1 0 1 2 0 3 10 -1 10 -1 10 -1 10 -1 10 -1 10 -1
DV 0 0 0 0 0 0 1 1 1 3 10 -1 10 -1 10 -1 10 -1 10 -1 10 -1
DV 0 3 0 3 1 0 1 2 0 3 10 -1 10 -1 10 -1 10 -1 10 -1 10 -1
data 0 0
DV 0 0 0 0 0 0 1 1 1 3 10 -1 10 -1 10 -1 10 -1 10 -1 10 -1
DV 0 3 0 3 1 0 1 2 0 3 10 -1 10 -1 10 -1 10 -1 10 -1 10 -1
data 0 0
DV 0 0 0 0 0 0 1 1 1 3 10 -1 10 -1 10 -1 10 -1 10 -1 10 -1
NMR 0 3 2
DV 0 3 0 3 1 0 1 2 0 3 10 -1 10 -1 10 -1 10 -1 10 -1 10 -1
NMR 0 3 2
data 0 0
DV 0 0 0 0 0 0 1 1 1 3 10 -1 10 -1 10 -1 10 -1 10 -1 10 -1
DV 0 3 0 3 1 0 1 2 0 3 10 -1 10 -1 10 -1 10 -1 10 -1 10 -1
data 0 0
DV 0 0 0 0 0 0 1 1 1 3 10 -1 10 -1 10 -1 10 -1 10 -1 10 -1
DV 0 3 0 3 1 0 1 2 0 3 10 -1 10 -1 10 -1 10 -1 10 -1 10 -1
NMR 0 3 2
data 0 0
DV 0 0 0 0 0 0 1 1 1 3 10 -1 10 -1 10 -1 10 -1 10 -1 10 -1
DV 0 3 0 3 1 0 1 2 0 3 10 -1 10 -1 10 -1 10 -1 10 -1 10 -1
data 0 0
DV 0 0 0 0 0 0 1 1 1 3 10 -1 10 -1 10 -1 10 -1 10 -1 10 -1
DV 0 3 0 3 1 0 1 2 0 3 10 -1 10 -1 10 -1 10 -1 10 -1 10 -1
NMR 0 3 2
data 0 0
DV 0 0 0 0 0 0 1 1 1 3 10 -1 10 -1 10 -1 10 -1 10 -1 10 -1
DV 0 3 0 3 1 0 1 2 0 3 10 -1 10 -1 10 -1 10 -1 10 -1 10 -1
data 0 0
DV 0 0 0 0 0 0 1 1 1 3 10 -1 10 -1 10 -1 10 -1 10 -1 10 -1
DV 0 3 0 3 1 0 1 2 0 3 10 -1 10 -1 10 -1 10 -1 10 -1 10 -1
NMR 0 3 2
data 0 0
DV 0 0 0 0 0 0 1 1 1 3 10 -1 10 -1 10 -1 10 -1 10 -1 10 -1
DV 0 3 0 3 1 0 1 2 0 3 10 -1 10 -1 10 -1 10 -1 10 -1 10 -1
data 0 0
DV 0 0 0 0 0 0 1 1 1 3 10 -1 10 -1 10 -1 10 -1 10 -1 10 -1
DV 0 3 0 3 1 0 1 2 0 3 10 -1 10 -1 10 -1 10 -1 10 -1 10 -1
NMR 0 3 2
data 0 0
DV 0 0 0 0 0 0 1 1 1 3 10 -1 10 -1 10 -1 10 -1 10 -1 10 -1
DV 0 3 0 3 1 0 1 2 0 3 10 -1 10 -1 10 -1 10 -1 10 -1 10 -1
data 0 0
DV 0 0 0 0 0 0 1 1 1 3 10 -1 10 -1 10 -1 10 -1 10 -1 10 -1
DV 0 3 0 3 1 0 1 2 0 3 10 -1 10 -1 10 -1 10 -1 10 -1 10 -1
NMR 0 3 2
data 0 0
DV 0 0 0 0 0 0 1 1 1 3 10 -1 10 -1 10 -1 10 -1 10 -1 10 -1
DV 0 3 0 3 1 0 1 2 0 3 10 -1 10 -1 10 -1 10 -1 10 -1 10 -1
data 0 0
