DV 1 0 0 0 0 0 10 -1 10 -1 10 -1 10 -1 10 -1 10 -1 10 -1 10 -1
DV 1 1 10 -1 0 1 0 1 10 -1 10 -1 10 -1 10 -1 10 -1 10 -1 10 -1
receiver 1
DV 1 0 0 0 0 0 1 1 1 3 10 -1 10 -1 10 -1 10 -1 10 -1 10 -1
DV 1 1 1 0 0 1 0 1 1 2 10 -1 10 -1 10 -1 10 -1 10 -1 10 -1
DV 1 0 0 0 0 0 1 1 1 3 10 -1 10 -1 10 -1 10 -1 10 -1 10 -1
DV 1 1 1 0 0 1 0 1 1 2 10 -1 10 -1 10 -1 10 -1 10 -1 10 -1
receiver 1
DV 1 0 0 0 0 0 1 1 1 3 10 -1 10 -1 10 -1 10 -1 10 -1 10 -1
DV 1 1 1 0 0 1 0 1 1 2 10 -1 10 -1 10 -1 10 -1 10 -1 10 -1
DV 1 0 0 0 0 0 1 1 1 3 10 -1 10 -1 10 -1 10 -1 10 -1 10 -1
DV 1 1 1 0 0 1 0 1 1 2 10 -1 10 -1 10 -1 10 -1 10 -1 10 -1
receiver 1
DV 1 0 0 0 0 0 1 1 1 3 10 -1 10 -1 10 -1 10 -1 10 -1 10 -1
DV 1 1 1 0 0 1 0 1 1 2 10 -1 10 -1 10 -1 10 -1 10 -1 10 -1
DV 1 0 0 0 0 0 1 1 1 3 10 -1 10 -1 10 -1 10 -1 10 -1 10 -1
DV 1 1 1 0 0 1 0 1 1 2 10 -1 10 -1 10 -1 10 -1 10 -1 10 -1
receiver 1
DV 1 0 0 0 0 0 1 1 1 3 10 -1 10 -1 10 -1 10 -1 10 -1 10 -1
DV 1 1 1 0 0 1 0 1 1 2 10 -1 10 -1 10 -1 10 -1 10 -1 10 -1
DV 1 0 0 0 0 0 1 1 1 3 10 -1 10 -1 10 -1 10 -1 10 -1 10 -1
DV 1 1 1 0 0 1 0 1 1 2 10 -1 10 -1 10 -1 10 -1 10 -1 10 -1
receiver 1
DV 1 0 0 0 0 0 1 1 1 3 10 -1 10 -1 10 -1 10 -1 10 -1 10 -1
DV 1 1 1 0 0 1 0 1 1 2 10 -1 10 -1 10 -1 10 -1 10 -1 10 -1
DV 1 0 0 0 0 0 1 1 1 3 10 -1 10 -1 10 -1 10 -1 10 -1 10 -1
DV 1 1 1 0 0 1 0 1 1 2 10 -1 10 -1 10 -1 10 -1 10 -1 10 -1
receiver 1
data 1 0
DV 1 0 0 0 0 0 1 1 1 3 10 -1 10 -1 10 -1 10 -1 10 -1 10 -1
DV 1 1 1 0 0 1 0 1 1 2 10 -1 10 -1 10 -1 10 -1 10 -1 10 -1
data 1 0
DV 1 0 0 0 0 0 1 1 1 3 10 -1 10 -1 10 -1 10 -1 10 -1 10 -1
DV 1 1 1 0 0 1 0 1 1 2 10 -1 10 -1 10 -1 10 -1 10 -1 10 -1
receiver 1
NMR 1 0 2
NMR 1 0 2
data 1 0
DV 1 0 0 0 0 0 1 1 1 3 10 -1 10 -1 10 -1 10 -1 10 -1 10 -1
DV 1 1 1 0 0 1 0 1 1 2 10 -1 10 -1 10 -1 10 -1 10 -1 10 -1
data 1 0
DV 1 0 0 0 0 0 1 1 1 3 10 -1 10 -1 10 -1 10 -1 10 -1 10 -1
DV 1 1 1 0 0 1 0 1 1 2 10 -1 10 -1 10 -1 10 -1 10 -1 10 -1
receiver 1
NMR 1 0 2
data 1 0
DV 1 0 0 0 0 0 1 1 1 3 10 -1 10 -1 10 -1 10 -1 10 -1 10 -1
DV 1 1 1 0 0 1 0 1 1 2 10 -1 10 -1 10 -1 10 -1 10 -1 10 -1
data 1 0
DV 1 0 0 0 0 0 1 1 1 3 10 -1 10 -1 10 -1 10 -1 10 -1 10 -1
DV 1 1 1 0 0 1 0 1 1 2 10 -1 10 -1 10 -1 10 -1 10 -1 10 -1
receiver 1
NMR 1 0 2
data 1 0
DV 1 0 0 0 0 0 1 1 1 3 10 -1 10 -1 10 -1 10 -1 10 -1 10 -1
DV 1 1 1 0 0 1 0 1 1 2 10 -1 10 -1 10 -1 10 -1 10 -1 10 -1
data 1 0
DV 1 0 0 0 0 0 1 1 1 3 10 -1 10 -1 10 -1 10 -1 10 -1 10 -1
DV 1 1 1 0 0 1 0 1 1 2 10 -1 10 -1 10 -1 10 -1 10 -1 10 -1
receiver 1
NMR 1 0 2
data 1 0
DV 1 0 0 0 0 0 1 1 1 3 10 -1 10 -1 10 -1 10 -1 10 -1 10 -1
DV 1 1 1 0 0 1 0 1 1 2 10 -1 10 -1 10 -1 10 -1 10 -1 10 -1
data 1 0
DV 1 0 0 0 0 0 1 1 1 3 10 -1 10 -1 10 -1 10 -1 10 -1 10 -1
DV 1 1 1 0 0 1 0 1 1 2 10 -1 10 -1 10 -1 10 -1 10 -1 10 -1
receiver 1
NMR 1 0 2
data 1 0
DV 1 0 0 0 0 0 1 1 1 3 10 -1 10 -1 10 -1 10 -1 10 -1 10 -1
DV 1 1 1 0 0 1 0 1 1 2 10 -1 10 -1 10 -1 10 -1 10 -1 10 -1
data 1 0
DV 1 0 0 0 0 0 1 1 1 3 10 -1 10 -1 10 -1 10 -1 10 -1 10 -1
DV 1 1 1 0 0 1 0 1 1 2 10 -1 10 -1 10 -1 10 -1 10 -1 10 -1
receiver 1
NMR 1 0 2
data 1 0
DV 1 0 0 0 0 0 1 1 1 3 10 -1 10 -1 10 -1 10 -1 10 -1 10 -1
DV 1 1 1 0 0 1 0 1 1 2 10 -1 10 -1 10 -1 10 -1 10 -1 10 -1
