DV 2 1 10 -1 0 1 0 1 10 -1 10 -1 10 -1 10 -1 10 -1 10 -1 10 -1
DV 2 2 10 -1 10 -1 0 2 0 2 10 -1 10 -1 10 -1 10 -1 10 -1 10 -1
receiver 2
DV 2 1 1 0 0 1 0 1 1 2 10 -1 10 -1 10 -1 10 -1 10 -1 10 -1
DV 2 2 1 3 1 1 0 2 0 2 10 -1 10 -1 10 -1 10 -1 10 -1 10 -1
DV 2 1 1 0 0 1 0 1 1 2 10 -1 10 -1 10 -1 10 -1 10 -1 10 -1
DV 2 2 1 3 1 1 0 2 0 2 10 -1 10 -1 10 -1 10 -1 10 -1 10 -1
receiver 2
DV 2 1 1 0 0 1 0 1 1 2 10 -1 10 -1 10 -1 10 -1 10 -1 10 -1
DV 2 2 1 3 1 1 0 2 0 2 10 -1 10 -1 10 -1 10 -1 10 -1 10 -1
DV 2 1 1 0 0 1 0 1 1 2 10 -1 10 -1 10 -1 10 -1 10 -1 10 -1
DV 2 2 1 3 1 1 0 2 0 2 10 -1 10 -1 10 -1 10 -1 10 -1 10 -1
receiver 2
DV 2 1 1 0 0 1 0 1 1 2 10 -1 10 -1 10 -1 10 -1 10 -1 10 -1
DV 2 2 1 3 1 1 0 2 0 2 10 -1 10 -1 10 -1 10 -1 10 -1 10 -1
DV 2 1 1 0 0 1 0 1 1 2 10 -1 10 -1 10 -1 10 -1 10 -1 10 -1
DV 2 2 1 3 1 1 0 2 0 2 10 -1 10 -1 10 -1 10 -1 10 -1 10 -1
receiver 2
DV 2 1 1 0 0 1 0 1 1 2 10 -1 10 -1 10 -1 10 -1 10 -1 10 -1
DV 2 2 1 3 1 1 0 2 0 2 10 -1 10 -1 10 -1 10 -1 10 -1 10 -1
DV 2 1 1 0 0 1 0 1 1 2 10 -1 10 -1 10 -1 10 -1 10 -1 10 -1
DV 2 2 1 3 1 1 0 2 0 2 10 -1 10 -1 10 -1 10 -1 10 -1 10 -1
receiver 2
DV 2 1 1 0 0 1 0 1 1 2 10 -1 10 -1 10 -1 10 -1 10 -1 10 -1
DV 2 2 1 3 1 1 0 2 0 2 10 -1 10 -1 10 -1 10 -1 10 -1 10 -1
DV 2 1 1 0 0 1 0 1 1 2 10 -1 10 -1 10 -1 10 -1 10 -1 10 -1
DV 2 2 1 3 1 1 0 2 0 2 10 -1 10 -1 10 -1 10 -1 10 -1 10 -1
receiver 2
DV 2 1 1 0 0 1 0 1 1 2 10 -1 10 -1 10 -1 10 -1 10 -1 10 -1
DV 2 2 1 3 1 1 0 2 0 2 10 -1 10 -1 10 -1 10 -1 10 -1 10 -1
data 2 0
data 2 0
DV 2 1 1 0 0 1 0 1 1 2 10 -1 10 -1 10 -1 10 -1 10 -1 10 -1
DV 2 2 1 3 1 1 0 2 0 2 10 -1 10 -1 10 -1 10 -1 10 -1 10 -1
receiver 2
data 2 0
data 2 0
DV 2 1 1 0 0 1 0 1 1 2 10 -1 10 -1 10 -1 10 -1 10 -1 10 -1
DV 2 2 1 3 1 1 0 2 0 2 10 -1 10 -1 10 -1 10 -1 10 -1 10 -1
data 2 0
DV 2 1 1 0 0 1 0 1 1 2 10 -1 10 -1 10 -1 10 -1 10 -1 10 -1
DV 2 2 1 3 1 1 0 2 0 2 10 -1 10 -1 10 -1 10 -1 10 -1 10 -1
receiver 2
data 2 0
DV 2 1 1 0 0 1 0 1 1 2 10 -1 10 -1 10 -1 10 -1 10 -1 10 -1
DV 2 2 1 3 1 1 0 2 0 2 10 -1 10 -1 10 -1 10 -1 10 -1 10 -1
data 2 0
DV 2 1 1 0 0 1 0 1 1 2 10 -1 10 -1 10 -1 10 -1 10 -1 10 -1
DV 2 2 1 3 1 1 0 2 0 2 10 -1 10 -1 10 -1 10 -1 10 -1 10 -1
receiver 2
data 2 0
DV 2 1 1 0 0 1 0 1 1 2 10 -1 10 -1 10 -1 10 -1 10 -1 10 -1
DV 2 2 1 3 1 1 0 2 0 2 10 -1 10 -1 10 -1 10 -1 10 -1 10 -1
data 2 0
DV 2 1 1 0 0 1 0 1 1 2 10 -1 10 -1 10 -1 10 -1 10 -1 10 -1
DV 2 2 1 3 1 1 0 2 0 2 10 -1 10 -1 10 -1 10 -1 10 -1 10 -1
receiver 2
data 2 0
DV 2 1 1 0 0 1 0 1 1 2 10 -1 10 -1 10 -1 10 -1 10 -1 10 -1
DV 2 2 1 3 1 1 0 2 0 2 10 -1 10 -1 10 -1 10 -1 10 -1 10 -1
data 2 0
DV 2 1 1 0 0 1 0 1 1 2 10 -1 10 -1 10 -1 10 -1 10 -1 10 -1
DV 2 2 1 3 1 1 0 2 0 2 10 -1 10 -1 10 -1 10 -1 10 -1 10 -1
receiver 2
data 2 0
DV 2 1 1 0 0 1 0 1 1 2 10 -1 10 -1 10 -1 10 -1 10 -1 10 -1
DV 2 2 1 3 1 1 0 2 0 2 10 -1 10 -1 10 -1 10 -1 10 -1 10 -1
data 2 0
DV 2 1 1 0 0 1 0 1 1 2 10 -1 10 -1 10 -1 10 -1 10 -1 10 -1
DV 2 2 1 3 1 1 0 2 0 2 10 -1 10 -1 10 -1 10 -1 10 -1 10 -1
receiver 2
data 2 0
DV 2 1 1 0 0 1 0 1 1 2 10 -1 10 -1 10 -1 10 -1 10 -1 10 -1
DV 2 2 1 3 1 1 0 2 0 2 10 -1 10 -1 10 -1 10 -1 10 -1 10 -1
data 2 0
