DV 1 1 10 -1 0 1 0 1 10 -1 10 -1 10 -1 10 -1 10 -1 10 -1 10 -1
DV 2 1 10 -1 0 1 0 1 10 -1 10 -1 10 -1 10 -1 10 -1 10 -1 10 -1
DV 1 1 1 0 0 1 0 1 1 2 10 -1 10 -1 10 -1 10 -1 10 -1 10 -1
DV 2 1 1 0 0 1 0 1 1 2 10 -1 10 -1 10 -1 10 -1 10 -1 10 -1
DV 1 1 1 0 0 1 0 1 1 2 10 -1 10 -1 10 -1 10 -1 10 -1 10 -1
DV 2 1 1 0 0 1 0 1 1 2 10 -1 10 -1 10 -1 10 -1 10 -1 10 -1
DV 1 1 1 0 0 1 0 1 1 2 10 -1 10 -1 10 -1 10 -1 10 -1 10 -1
DV 2 1 1 0 0 1 0 1 1 2 10 -1 10 -1 10 -1 10 -1 10 -1 10 -1
DV 1 1 1 0 0 1 0 1 1 2 10 -1 10 -1 10 -1 10 -1 10 -1 10 -1
DV 2 1 1 0 0 1 0 1 1 2 10 -1 10 -1 10 -1 10 -1 10 -1 10 -1
DV 1 1 1 0 0 1 0 1 1 2 10 -1 10 -1 10 -1 10 -1 10 -1 10 -1
DV 2 1 1 0 0 1 0 1 1 2 10 -1 10 -1 10 -1 10 -1 10 -1 10 -1
DV 1 1 1 0 0 1 0 1 1 2 10 -1 10 -1 10 -1 10 -1 10 -1 10 -1
DV 2 1 1 0 0 1 0 1 1 2 10 -1 10 -1 10 -1 10 -1 10 -1 10 -1
DV 1 1 1 0 0 1 0 1 1 2 10 -1 10 -1 10 -1 10 -1 10 -1 10 -1
DV 2 1 1 0 0 1 0 1 1 2 10 -1 10 -1 10 -1 10 -1 10 -1 10 -1
DV 1 1 1 0 0 1 0 1 1 2 10 -1 10 -1 10 -1 10 -1 10 -1 10 -1
DV 2 1 1 0 0 1 0 1 1 2 10 -1 10 -1 10 -1 10 -1 10 -1 10 -1
DV 1 1 1 0 0 1 0 1 1 2 10 -1 10 -1 10 -1 10 -1 10 -1 10 -1
DV 2 1 1 0 0 1 0 1 1 2 10 -1 10 -1 10 -1 10 -1 10 -1 10 -1
DV 1 1 1 0 0 1 0 1 1 2 10 -1 10 -1 10 -1 10 -1 10 -1 10 -1
DV 2 1 1 0 0 1 0 1 1 2 10 -1 10 -1 10 -1 10 -1 10 -1 10 -1
DV 1 1 1 0 0 1 0 1 1 2 10 -1 10 -1 10 -1 10 -1 10 -1 10 -1
DV 2 1 1 0 0 1 0 1 1 2 10 -1 10 -1 10 -1 10 -1 10 -1 10 -1
data 2 0
DV 1 1 1 0 0 1 0 1 1 2 10 -1 10 -1 10 -1 10 -1 10 -1 10 -1
DV 2 1 1 0 0 1 0 1 1 2 10 -1 10 -1 10 -1 10 -1 10 -1 10 -1
data 2 0
DV 1 1 1 0 0 1 0 1 1 2 10 -1 10 -1 10 -1 10 -1 10 -1 10 -1
DV 2 1 1 0 0 1 0 1 1 2 10 -1 10 -1 10 -1 10 -1 10 -1 10 -1
data 2 0
DV 1 1 1 0 0 1 0 1 1 2 10 -1 10 -1 10 -1 10 -1 10 -1 10 -1
DV 2 1 1 0 0 1 0 1 1 2 10 -1 10 -1 10 -1 10 -1 10 -1 10 -1
data 2 0
DV 1 1 1 0 0 1 0 1 1 2 10 -1 10 -1 10 -1 10 -1 10 -1 10 -1
DV 2 1 1 0 0 1 0 1 1 2 10 -1 10 -1 10 -1 10 -1 10 -1 10 -1
data 2 0
DV 1 1 1 0 0 1 0 1 1 2 10 -1 10 -1 10 -1 10 -1 10 -1 10 -1
DV 2 1 1 0 0 1 0 1 1 2 10 -1 10 -1 10 -1 10 -1 10 -1 10 -1
data 2 0
DV 1 1 1 0 0 1 0 1 1 2 10 -1 10 -1 10 -1 10 -1 10 -1 10 -1
DV 2 1 1 0 0 1 0 1 1 2 10 -1 10 -1 10 -1 10 -1 10 -1 10 -1
data 2 0
DV 1 1 1 0 0 1 0 1 1 2 10 -1 10 -1 10 -1 10 -1 10 -1 10 -1
DV 2 1 1 0 0 1 0 1 1 2 10 -1 10 -1 10 -1 10 -1 10 -1 10 -1
data 2 0
DV 1 1 1 0 0 1 0 1 1 2 10 -1 10 -1 10 -1 10 -1 10 -1 10 -1
DV 2 1 1 0 0 1 0 1 1 2 10 -1 10 -1 10 -1 10 -1 10 -1 10 -1
data 2 0
DV 1 1 1 0 0 1 0 1 1 2 10 -1 10 -1 10 -1 10 -1 10 -1 10 -1
DV 2 1 1 0 0 1 0 1 1 2 10 -1 10 -1 10 -1 10 -1 10 -1 10 -1
data 2 0
DV 1 1 1 0 0 1 0 1 1 2 10 -1 10 -1 10 -1 10 -1 10 -1 10 -1
DV 2 1 1 0 0 1 0 1 1 2 10 -1 10 -1 10 -1 10 -1 10 -1 10 -1
data 2 0
DV 1 1 1 0 0 1 0 1 1 2 10 -1 10 -1 10 -1 10 -1 10 -1 10 -1
DV 2 1 1 0 0 1 0 1 1 2 10 -1 10 -1 10 -1 10 -1 10 -1 10 -1
data 2 0
DV 1 1 1 0 0 1 0 1 1 2 10 -1 10 -1 10 -1 10 -1 10 -1 10 -1
DV 2 1 1 0 0 1 0 1 1 2 10 -1 10 -1 10 -1 10 -1 10 -1 10 -1
data 2 0
