DV 2 2 10 -1 10 -1 0 2 0 2 10 -1 10 -1 10 -1 10 -1 10 -1 10 -1
DV 3 2 10 -1 10 -1 0 2 0 2 10 -1 10 -1 10 -1 10 -1 10 -1 10 -1
DV 2 2 1 3 1 1 0 2 0 2 10 -1 10 -1 10 -1 10 -1 10 -1 10 -1
DV 3 2 1 3 1 1 0 2 0 2 10 -1 10 -1 10 -1 10 -1 10 -1 10 -1
DV 2 2 1 3 1 1 0 2 0 2 10 -1 10 -1 10 -1 10 -1 10 -1 10 -1
DV 3 2 1 3 1 1 0 2 0 2 10 -1 10 -1 10 -1 10 -1 10 -1 10 -1
DV 2 2 1 3 1 1 0 2 0 2 10 -1 10 -1 10 -1 10 -1 10 -1 10 -1
DV 3 2 1 3 1 1 0 2 0 2 10 -1 10 -1 10 -1 10 -1 10 -1 10 -1
DV 2 2 1 3 1 1 0 2 0 2 10 -1 10 -1 10 -1 10 -1 10 -1 10 -1
DV 3 2 1 3 1 1 0 2 0 2 10 -1 10 -1 10 -1 10 -1 10 -1 10 -1
DV 2 2 1 3 1 1 0 2 0 2 10 -1 10 -1 10 -1 10 -1 10 -1 10 -1
DV 3 2 1 3 1 1 0 2 0 2 10 -1 10 -1 10 -1 10 -1 10 -1 10 -1
DV 2 2 1 3 1 1 0 2 0 2 10 -1 10 -1 10 -1 10 -1 10 -1 10 -1
DV 3 2 1 3 1 1 0 2 0 2 10 -1 10 -1 10 -1 10 -1 10 -1 10 -1
DV 2 2 1 3 1 1 0 2 0 2 10 -1 10 -1 10 -1 10 -1 10 -1 10 -1
DV 3 2 1 3 1 1 0 2 0 2 10 -1 10 -1 10 -1 10 -1 10 -1 10 -1
DV 2 2 1 3 1 1 0 2 0 2 10 -1 10 -1 10 -1 10 -1 10 -1 10 -1
DV 3 2 1 3 1 1 0 2 0 2 10 -1 10 -1 10 -1 10 -1 10 -1 10 -1
DV 2 2 1 3 1 1 0 2 0 2 10 -1 10 -1 10 -1 10 -1 10 -1 10 -1
DV 3 2 1 3 1 1 0 2 0 2 10 -1 10 -1 10 -1 10 -1 10 -1 10 -1
DV 2 2 1 3 1 1 0 2 0 2 10 -1 10 -1 10 -1 10 -1 10 -1 10 -1
DV 3 2 1 3 1 1 0 2 0 2 10 -1 10 -1 10 -1 10 -1 10 -1 10 -1
DV 2 2 1 3 1 1 0 2 0 2 10 -1 10 -1 10 -1 10 -1 10 -1 10 -1
DV 3 2 1 3 1 1 0 2 0 2 10 -1 10 -1 10 -1 10 -1 10 -1 10 -1
data 2 0
NMR 3 2 2
DV 2 2 1 3 1 1 0 2 0 2 10 -1 10 -1 10 -1 10 -1 10 -1 10 -1
DV 3 2 1 3 1 1 0 2 0 2 10 -1 10 -1 10 -1 10 -1 10 -1 10 -1
data 2 0
NMR 3 2 2
DV 2 2 1 3 1 1 0 2 0 2 10 -1 10 -1 10 -1 10 -1 10 -1 10 -1
DV 3 2 1 3 1 1 0 2 0 2 10 -1 10 -1 10 -1 10 -1 10 -1 10 -1
DV 2 2 1 3 1 1 0 2 0 2 10 -1 10 -1 10 -1 10 -1 10 -1 10 -1
DV 3 2 1 3 1 1 0 2 0 2 10 -1 10 -1 10 -1 10 -1 10 -1 10 -1
NMR 3 2 2
DV 2 2 1 3 1 1 0 2 0 2 10 -1 10 -1 10 -1 10 -1 10 -1 10 -1
DV 3 2 1 3 1 1 0 2 0 2 10 -1 10 -1 10 -1 10 -1 10 -1 10 -1
DV 2 2 1 3 1 1 0 2 0 2 10 -1 10 -1 10 -1 10 -1 10 -1 10 -1
DV 3 2 1 3 1 1 0 2 0 2 10 -1 10 -1 10 -1 10 -1 10 -1 10 -1
NMR 3 2 2
DV 2 2 1 3 1 1 0 2 0 2 10 -1 10 -1 10 -1 10 -1 10 -1 10 -1
DV 3 2 1 3 1 1 0 2 0 2 10 -1 10 -1 10 -1 10 -1 10 -1 10 -1
DV 2 2 1 3 1 1 0 2 0 2 10 -1 10 -1 10 -1 10 -1 10 -1 10 -1
DV 3 2 1 3 1 1 0 2 0 2 10 -1 10 -1 10 -1 10 -1 10 -1 10 -1
NMR 3 2 2
DV 2 2 1 3 1 1 0 2 0 2 10 -1 10 -1 10 -1 10 -1 10 -1 10 -1
DV 3 2 1 3 1 1 0 2 0 2 10 -1 10 -1 10 -1 10 -1 10 -1 10 -1
DV 2 2 1 3 1 1 0 2 0 2 10 -1 10 -1 10 -1 10 -1 10 -1 10 -1
DV 3 2 1 3 1 1 0 2 0 2 10 -1 10 -1 10 -1 10 -1 10 -1 10 -1
NMR 3 2 2
DV 2 2 1 3 1 1 0 2 0 2 10 -1 10 -1 10 -1 10 -1 10 -1 10 -1
DV 3 2 1 3 1 1 0 2 0 2 10 -1 10 -1 10 -1 10 -1 10 -1 10 -1
DV 2 2 1 3 1 1 0 2 0 2 10 -1 10 -1 10 -1 10 -1 10 -1 10 -1
DV 3 2 1 3 1 1 0 2 0 2 10 -1 10 -1 10 -1 10 -1 10 -1 10 -1
NMR 3 2 2
DV 2 2 1 3 1 1 0 2 0 2 10 -1 10 -1 10 -1 10 -1 10 -1 10 -1
DV 3 2 1 3 1 1 0 2 0 2 10 -1 10 -1 10 -1 10 -1 10 -1 10 -1
